# CNOT-circuit 10-qubit marginal bitstrings
0001111100
1011111111
1011111111
0001001000
0001111100
0001111100
0001111100
0001111100
0001111100
0001111100
0001111100
0001111100
0001111100
0001111100
0001111100
0001111100
1011111111
1011111111
0001001000
0001001000
0001111100
0001111100
0001111100
0001111100
0001111100
0001001000
0001111100
0001111100
0001111100
0001111100
0001111100
1011111111
0001001000
0001111100
0001111100
0001111100
1011111111
1011111111
0001111100
0001111100
0001111100
0001111100
0001111100
0001001000
0001111100
1011111111
0001001000
0001111100
0001111100
0001111100
0001111100
0001111100
0001001000
0001111100
0001111100
0001111100
0001001000
0001111100
1011111111
0001111100
1011111111
0001111100
0001111100
0001001000
0001001000
0001111100
0001111100
0001001000
0001111100
0001111100
0001111100
0001111100
0001111100
0001111100
0001001000
0001001000
0001111100
0001111100
0001111100
0001111100
0001111100
0001001000
0001111100
0001111100
0001111100
0001111100
0001111100
0001111100
0001111100
0001001000
0001111100
0001111100
0001111100
0001111100
0001111100
0001111100
1011111111
0001111100
0001001000
0001001000
0001111100
1011111111
0001001000
1011111111
0001111100
0001111100
0001001000
0001111100
0001111100
0001111100
0001111100
0001111100
0001111100
0001111100
1011111111
0001111100
0001111100
0001111100
0001111100
0001111100
1011111111
0001111100
0001111100
0001001000
1011111111
0001111100
0001111100
0001111100
0001001000
0001111100
0001001000
0001111100
0001111100
0001111100
0001001000
0001111100
0001111100
1011111111
0001001000
0001111100
1011111111
0001111100
0001111100
0001111100
0001111100
0001111100
0001111100
0001001000
0001111100
0001111100
0001111100
0001001000
0001111100
0001111100
0001111100
1011111111
0001111100
1011111111
0001111100
0001111100
0001001000
0001111100
0001111100
0001111100
0001111100
0001001000
0001111100
0001111100
0001111100
1011111111
0001111100
0001111100
0001111100
0001111100
1011111111
0001111100
0001111100
0001111100
0001111100
0001111100
0001111100
0001111100
0001111100
0001111100
1011111111
1011111111
0001111100
0001111100
1011111111
1011111111
0001111100
0001111100
0001111100
0001111100
0001111100
0001111100
0001111100
0001111100
0001111100
0001111100
