# Exp1_q100: qubits 100-109, depth 14
# F_XEB=0.047475 | unique=3 | shots=100
1110111101
1110101101
1010000101
1110111101
1110101101
1110101101
1110111101
1110111101
1110101101
1110111101
1110101101
1110111101
1110101101
1110111101
1010000101
1110101101
1110101101
1110101101
1110111101
1110111101
1110101101
1110111101
1110101101
1110101101
1110111101
1110101101
1110101101
1110111101
1110111101
1110101101
1110111101
1010000101
1110111101
1010000101
1110101101
1110111101
1010000101
1110111101
1110111101
1110101101
1010000101
1110101101
1110101101
1110101101
1010000101
1110111101
1110101101
1110101101
1110101101
1110111101
1110101101
1010000101
1110101101
1110101101
1110111101
1110111101
1110101101
1110101101
1010000101
1110111101
1110101101
1110101101
1110111101
1110101101
1110101101
1110111101
1010000101
1110101101
1110111101
1010000101
1010000101
1010000101
1110111101
1110111101
1110111101
1110111101
1110111101
1110111101
1010000101
1010000101
1110111101
1110111101
1010000101
1110101101
1110111101
1110111101
1110111101
1110111101
1110111101
1110111101
1110111101
1110101101
1110101101
1010000101
1010000101
1110111101
1010000101
1110101101
1110111101
1010000101
