# Exp2_d4: qubits 0-9, depth 4
# F_XEB=1.565013 | unique=3 | shots=100
0111001100
0111001100
0111101111
0111001100
0101000100
0111001100
0111101111
0111101111
0111101111
0111101111
0111101111
0111101111
0111101111
0111101111
0111101111
0111101111
0111001100
0101000100
0111101111
0111001100
0111101111
0101000100
0111101111
0111001100
0111001100
0101000100
0111101111
0111101111
0111001100
0111101111
0111001100
0111101111
0111001100
0111101111
0111001100
0111001100
0111101111
0111001100
0111101111
0111001100
0111001100
0111101111
0101000100
0111101111
0111101111
0111101111
0101000100
0111101111
0111101111
0111101111
0101000100
0111001100
0111101111
0111001100
0111001100
0111101111
0111001100
0111001100
0111101111
0111101111
0111101111
0111101111
0111101111
0111101111
0111001100
0111101111
0111101111
0111101111
0111001100
0111101111
0111001100
0111001100
0111101111
0111101111
0101000100
0101000100
0111001100
0111001100
0111001100
0101000100
0111101111
0111001100
0111001100
0111101111
0111001100
0101000100
0111001100
0111101111
0111101111
0111001100
0111001100
0111101111
0111101111
0111001100
0111101111
0111101111
0111001100
0111101111
0111001100
0111001100
