# Exp2_d7: qubits 0-9, depth 7
# F_XEB=0.488467 | unique=4 | shots=100
0011011000
0111011010
0001011000
0001011000
0000001000
0011011000
0111011010
0001011000
0011011000
0001011000
0000001000
0111011010
0001011000
0001011000
0001011000
0001011000
0001011000
0000001000
0011011000
0011011000
0111011010
0011011000
0001011000
0001011000
0011011000
0011011000
0000001000
0001011000
0011011000
0001011000
0011011000
0011011000
0001011000
0000001000
0001011000
0011011000
0011011000
0011011000
0000001000
0011011000
0111011010
0001011000
0000001000
0011011000
0111011010
0111011010
0011011000
0001011000
0011011000
0000001000
0001011000
0011011000
0011011000
0111011010
0000001000
0001011000
0011011000
0011011000
0111011010
0001011000
0011011000
0001011000
0011011000
0001011000
0011011000
0011011000
0111011010
0111011010
0011011000
0011011000
0001011000
0111011010
0001011000
0000001000
0001011000
0001011000
0011011000
0011011000
0111011010
0001011000
0001011000
0001011000
0111011010
0001011000
0001011000
0001011000
0001011000
0001011000
0111011010
0001011000
0000001000
0111011010
0001011000
0000001000
0011011000
0001011000
0000001000
0001011000
0011011000
0001011000
