# Exp2_d10: qubits 0-9, depth 10
# F_XEB=-0.199162 | unique=4 | shots=100
0000001000
1011111101
1011111101
1011111101
0000001000
0000001000
0000001000
1011101001
1011111101
0000001000
1011101001
1011101001
1011101001
1010001000
0000001000
1010001000
1010001000
0000001000
1011101001
1011111101
1011101001
1010001000
1011101001
1011111101
1011111101
1010001000
0000001000
1010001000
1011101001
1010001000
1011101001
1010001000
0000001000
1010001000
1011101001
1010001000
1010001000
0000001000
1011101001
1010001000
1011111101
0000001000
1011111101
1011111101
1011101001
0000001000
1011101001
1011111101
1010001000
1011101001
1011101001
0000001000
1011101001
1010001000
1010001000
1011101001
1010001000
1010001000
1010001000
0000001000
1011101001
1011111101
1011101001
1010001000
1010001000
1010001000
1010001000
1011111101
1011101001
1010001000
1010001000
1011111101
1010001000
1011111101
1011111101
1011101001
1010001000
1010001000
1010001000
1011101001
1011101001
1010001000
0000001000
1010001000
1010001000
1010001000
1010001000
1011111101
1010001000
0000001000
1011111101
1010001000
1010001000
1010001000
1011101001
0000001000
1011111101
1010001000
1011101001
1011101001
