# Exp2_d20: qubits 0-9, depth 20
# F_XEB=0.267485 | unique=4 | shots=100
1111110101
1111110101
1111110101
1111110101
1111110101
0000100101
1111110101
1111110101
1111110101
1111110101
0000100101
1111110101
0000100101
1111110101
0000100101
1111110101
1111111101
1111111101
1111110101
0000000000
0000100101
0000100101
0000100101
0000000000
1111110101
1111110101
1111110101
1111110101
1111111101
1111110101
0000100101
1111110101
0000100101
1111110101
1111110101
1111111101
0000000000
1111110101
1111110101
0000100101
1111110101
0000100101
1111111101
0000100101
0000100101
1111110101
0000100101
0000100101
0000100101
1111110101
0000000000
1111110101
0000100101
1111110101
0000000000
1111110101
1111110101
0000000000
0000100101
1111111101
0000100101
1111111101
1111110101
1111110101
1111110101
1111111101
0000100101
0000100101
1111111101
0000100101
1111110101
0000100101
0000100101
1111110101
0000100101
1111111101
1111110101
1111111101
1111110101
1111110101
0000100101
1111110101
1111110101
0000100101
1111111101
1111110101
0000100101
1111110101
1111110101
1111110101
0000100101
0000000000
0000100101
1111110101
0000000000
0000100101
1111111101
0000100101
0000000000
0000000000
